30043
44281
81001
39759
70301
33308
35007
50023
42420
22180
07960
48823
08234
14850
97062
21401
08822
29464
92111
01810
07011
49509
43420
32955
60102
33445
19464
07002
30906
27909
20147
32765
32159
11566
10952
37918
08807
58201
32927
06824
30534
39503
23059
19380
55014
07728
01803
02886
02453
33404
19426
07501
35640
11967
07032
48103
48430
11417
40004
27502
19063
22801
49120
33160
92236
11803
60103
37876
12401
14606
46375
06106
60047
42240
32065
53051
29710
11795
15701
30120
54935
60120
30813
58102
51106
36301
13440
02446
44883
34786
21044
24502
98908
91784
10550
34761
20155
48101
27265
85224
60014
53186
61604
07087
07030
24112
02368
28645
28752
40601
22101
54601
16601
11364
01420
29456
30024
06111
21042
07052
20707
16335
53095
59601
23703
11003
44136
46368
11412
34668
04401
20170
55378
94580
35758
06473
37601
11010
72209
50010
20815
60139
46321
11420
34116
19111
32547
43512
16801
28052
55379
58701
95301
27516
07111
91733
93306
11050
28348
17013
10541
14075
33510
76522
42431
17011
30605
34683
07840
97124
40207
45385
30223
33904
27360
30096
60188
33880
60169
11741
31061
46201
02186
48066
21208
11729
01801
77904
22079
19320
48205
03060
60060
08527
78418
16506
32725
32082
07093
19050
27253
15317
07017
60010
01701
41018
28803
28205
48331
21220
02852
08021
60133
14424
78501
60015
29646
11357
21244
98607
07860
60110
02920
27603
32937
55060
14580
31088
06118
30127
48446
60148
21075
14120
01930
60172
02150
11784
08330
80003
60115
07470
80123
02048
12302
21014
57103
60201
07731
10950
21206
11561
52722
45039
30188
08854
33056
91768
59715
55372
60515
42141
60174
28451
30040
37830
53045
20164
12065
18702
45211
02184
60068
77478
29910
29550
28540
38016
63109
08520
55016
33917
33414
08861
98444
28601
22015
99337
02720
06776
90274
21771
53151
39564
01824
28173
48021
18015
54901
01960
59404
23451
34741
20772
29349
94806
11552
54481
19446
96815
44720
31525
11368
20120
46544
07016
30180
11801
11762
91740
31313
33756
34608
24073
14215
12550
27511
60101
44646
34293
32043
20191
08610
20744
34491
35124
32708
11520
46530
48042
02864
49009
36526
07065
32779
08302
44221
36605
11554
46307
10301
11421
30038
80911
11735
10583
20854
33844
11510
44039
10451
44145
28086
32303
31601
60187
29803
06484
18966
30083
48167
44870
14150
49503
08088
22901
02127
30542
75088
17325
07047
30014
01867
58078
11414
08540
98144
11743
06511
29708
10956
08332
18901
11377
70806
52402
95820
31904
06051
08080
60061
22554
53072
42001
06606
50701
56560
43147
19047
30721
19013
24401
60062
48423
12180
19067
18042
22405
12010
11361
27587
08857
40356
03051
48706
42301
21157
07920
75043
01604
37388
28560
26508
18062
07726
27028
02360
08759
07740
14534
29461
48322
90260
30680
32714
52001
41051
29501
06512
44024
08205
83301
98512
48035
85718
44512
45324
49423
11791
95127
48439
46360
45140
48124
08053
38637
23693
30012
91010
56001
20832
30281
55044
19335
59101
60031
48601
37076
30008
60134
36109
02130
08901
44146
34997
30132
27834
50158
32703
01844
43537
19064
84404
01841
93035
22630
60439
08902
75115
17402
33702
32904
29650
20706
59801
53546
17050
46383
98503
60004
43110
32707
33823
26554
92083
50613
19460
32084
15206
27520
02816
47150
60008
43081
55311
18102
26003
30736
11701
33125
46140
20746
11710
89523
02072
23834
47905
11779
06450
08648
16066
11590
30815
54880
06405
90008
19038
11706
95050
29687
32068
53154
01915
07006
27526
02151
30117
02026
60435
98801
11720
46947
37379
37659
30030
70663
21236
02760
43612
27330
33569
01089
17036
11731
44256
01826
15642
60466
32780
29150
32566
02169
17701
60448
44035
34135
95008
46804
01876
27012
21114
37643
48329
74820
19083
45066
35803
14304
85302
02148
29841
17543
30269
59701
23803
23860
52240
44663
27870
06095
60076
02038
70001
37122
37343
30101
90403
60099
11580
60426
37072
08043
30080
11372
06410
07424
10562
18951
08050
11432
44601
11418
27529
60181
17522
45040
48089
44095
32792
94566
55343
28303
10701
61350
98037
01902
60193
02125
32259
01845
55912
93706
47130
45365
32174
54952
32907
01970
30092
60091
11572
53402
37086
11419
54729
02895
77016
45356
19454
46077
02474
07040
94070
06851
08054
30236
08816
21221
33905
20748
60459
21030
60048
47302
32404
78213
54650
35209
28104
20136
91316
60142
28376
08360
60085
54115
33410
92831
07076
85021
60440
11369
11373
08865
38024
13027
60016
07050
11717
60073
17331
44070
75126
07055
21228
47802
21136
30144
19020
07083
01760
85326
50401
53081
23320
11374
36067
48185
41017
33030
23185
07036
37128
02062
20850
06614
07666
85365
31404
73072
32958
54130
22191
10573
12533
06066
20886
31204
11570
44052
37849
12020
15108
46112
01453
07103
48067
20901
07601
19053
06340
01040
02904
28079
06516
06611
02131
30240
54302
38106
17268
55104
43015
30084
23111
56601
02478
03054
29445
30019
76039
11776
44060
30075
15001
38671
37160
51501
49441
49085
48910
08831
48178
06880
34990
07631
02135
50310
01886
11375
30741
33604
93635
23503
37803
44691
21222
10598
29577
02149
03102
98837
46410
60185
47933
40165
27893
06033
48174
52761
13090
37013
21060
07024
49015
29673
55021
06810
78552
20747
39120
11727
60025
11001
44224
07110
48504
10954
53150
08817
43026
20877
23601
06902
06790
30705
04240
15102
15401
48150
55303
21113
30263
38655
08859
30047
48180
44094
15101
14450
44139
11423
06457
13021
60409
50265
45103
11201
11758
49341
29301
17022
49684
38654
23434
49022
20745
95993
32162
30213
02740
30809
33801
38501
45601
48239
02138
32720
11354
44312
19061
53562
06770
23139
23666
24060
65401
23223
19401
07866
29640
27103
38017
80241
60046
92220
32503
39401
60007
08060
21784
02893
04106
33435
46526
29730
15044
48867
01752
11746
35405
54911
79930
06489
01020
59901
44240
43551
06877
49426
50501
21701
33771
75604
44266
07003
07652
60452
68107
02472
28792
45840
34231
18974
14701
53590
39532
07621
29063
08742
43119
20782
32578
34221
24012
33594
44004
43123
08046
02176
60621
32127
19406
08012
46614
33458
92307
55318
60156
54449
35173
20735
02860
48236
43035
02301
07712
46060
53204
03038
11104
11040
32533
50322
18301
20874
30126
48047
27292
25801
03053
27320
15650
76901
07302
11365
21227
22041
33028
39180
44406
01851
11422
01201
11725
95677
97402
07753
90278
30052
48212
07202
71730
23112
08081
55987
10512
11756
76110
52804
78023
14094
11553
48076
07060
34698
24540
30274
12901
33010
21144
21740
07410
06514
48045
97603
15146
61821
45011
43062
26101
30252
07042
33054
12804
99654
60451
06492
46350
29680
47274
02780
37040
29576
19701
47401
30114
47711
13126
37055
42101
13501
54494
29440
20109
37363
44133
18201
32137
45420
28115
60050
20743
55068
01887
28078
47906
10977
18064
30039
33428
55316
33470
55330
11787
46304
92806
33442
03820
49221
34639
08401
43068
53511
11772
03301
48197
27804
91387
56401
68506
33009
08037
60056
02703
60107
55082
08723
08096
22304
11691
54956
19355
93555
27205
02155
54401
06074
48640
32806
56301
06360
06010
34787
32250
30294
48348
55347
06705
08003
11793
38053
11102
13760
85351
20814
49418
46901
20175
07747
34203
46322
37066
48071
19438
60053
57701
22601
22003
77566
60446
48237
01906
48127
22701
38801
34952
27284
36532
21009
28655
60030
34653
38632
12866
21234
44805
07450
28092
04103
43560
83651
22030
08075
53140
29406
58501
49428
48146
43701
11530
01085
94043
60411
46123
18360
33040
29621
21146
37312
60137
11704
29483
73112
21133
07026
44203
02919
37110
90505
27703
11550
15068
84010
08701
34711
01757
66801
02124
20715
48195
17109
52501
08087
29526
18940
11714
20601
27405
15601
37660
11757
08873
60035
48192
98604
11722
28358
27540
70605
21801
11379
14043
99504
19002
70115
33952
10002
30701
85203
12553
44012
53066
60462
36330
11413
37205
16001
74403
08094
32034
44077
44122
46342
55406
43040
37421
94603
21093
54220
98290
33060
19082
01821
32003
28031
84119
75080
07430
57401
39208
08105
07675
16101
33460
46037
21207
91762
06109
01880
27302
18052
60089
33139
84067
06082
48310
17042
08753
12590
55337
21921
45342
01923
30518
55033
32746
79106
64151
14127
67037
30134
30303
15301
20705
12203
49464
33020
31021
60559
27530
48060
07080
60402
17201
19468
10801
21117
54701
49417
46514
28625
18944
11542
30004
23228
26301
01545
95060
14086
15010
12601
07054
60067
07039
02132
19026
21122
08844
60453
49855
11378
23832
02136
68801
07109